PS
0.0000, 10.0000, 30.0000, 0.0000, 0.0000, -5.0000, 10.0000
0.0000, 10.0000, 30.0000, 0.0000, 0.0000, 15.0000, -10.0000
0.0000, 10.0000, 30.0000, 0.0000, 0.0000, 20.0000, -15.0000
0.0000, 10.0000, 30.0000, 0.0000, 0.0000, 50.0000, -20.0000
0 10 30 0 0
0.03, 10.00, 30.00, 0.00, -0.31
0.06, 10.00, 29.99, 0.00, -0.61
0.09, 10.00, 29.97, 0.00, -0.92
0.12, 10.00, 29.94, 0.00, -1.23
0.16, 10.00, 29.90, 0.00, -1.53
0.19, 10.00, 29.86, 0.00, -1.84
0.22, 10.00, 29.80, 0.00, -2.14
0.25, 10.00, 29.73, 0.00, -2.45
0.28, 10.00, 29.66, 0.00, -2.76
0.31, 10.00, 29.57, 0.00, -3.06
0.34, 10.00, 29.47, 0.00, -3.37
0.38, 10.00, 29.37, 0.00, -3.67
0.41, 10.00, 29.25, 0.00, -3.98
0.44, 10.00, 29.13, 0.00, -4.29
0.47, 10.00, 29.00, 0.00, -4.59
0.50, 10.00, 28.85, 0.00, -4.90
0.53, 10.00, 28.70, 0.00, -5.21
0.56, 10.00, 28.54, 0.00, -5.51
0.59, 10.00, 28.36, 0.00, -5.82
0.62, 10.00, 28.18, 0.00, -6.13
0.66, 10.00, 27.99, 0.00, -6.43
0.69, 10.00, 27.79, 0.00, -6.74
0.72, 10.00, 27.58, 0.00, -7.04
0.75, 10.00, 27.36, 0.00, -7.35
0.78, 10.00, 27.13, 0.00, -7.66
0.81, 10.00, 26.89, 0.00, -7.96
0.84, 10.00, 26.64, 0.00, -8.27
0.88, 10.00, 26.38, 0.00, -8.58
0.91, 10.00, 26.11, 0.00, -8.88
0.94, 10.00, 25.84, 0.00, -9.19
0.97, 10.00, 25.55, 0.00, -9.49
1.00, 10.00, 25.25, 0.00, -9.80
1.03, 10.00, 24.95, 0.00, -10.11
1.06, 10.00, 24.63, 0.00, -10.41
1.09, 10.00, 24.31, 0.00, -10.72
1.12, 10.00, 23.97, 0.00, -11.03
1.16, 10.00, 23.63, 0.00, -11.33
1.19, 10.00, 23.27, 0.00, -11.64
1.22, 10.00, 22.91, 0.00, -11.94
1.25, 10.00, 22.54, 0.00, -12.25
1.28, 10.00, 22.15, 0.00, -12.56
1.31, 10.00, 21.76, 0.00, -12.86
1.34, 10.00, 21.36, 0.00, -13.17
1.38, 10.00, 20.95, 0.00, -13.48
1.41, 10.00, 20.53, 0.00, -13.78
1.44, 10.00, 20.09, 0.00, -14.09
1.47, 10.00, 19.65, 0.00, -14.39
1.50, 10.00, 19.20, 0.00, -14.70
1.53, 10.00, 18.75, 0.00, -15.01
1.56, 10.00, 18.28, 0.00, -15.31
1.59, 10.00, 17.80, 0.00, -15.62
1.62, 10.00, 17.31, 0.00, -15.93
1.66, 10.00, 16.81, 0.00, -16.23
1.69, 10.00, 16.30, 0.00, -16.54
1.72, 10.00, 15.79, 0.00, -16.84
1.75, 10.00, 15.26, 0.00, -17.15
1.78, 10.00, 14.73, 0.00, -17.46
1.81, 10.00, 14.18, 0.00, -17.76
1.84, 10.00, 13.63, 0.00, -18.07
1.88, 10.00, 13.06, 0.00, -18.38
1.91, 10.00, 12.49, 0.00, -18.68
1.94, 10.00, 11.90, 0.00, -18.99
1.97, 10.00, 11.31, 0.00, -19.29
2.00, 10.00, 10.71, 0.00, -19.60
2.03, 10.00, 10.09, 0.00, -19.91
2.06, 10.00, 9.47, 0.00, -20.21
2.09, 10.00, 8.84, 0.00, -20.52
2.12, 10.00, 8.20, 0.00, -20.82
2.16, 10.00, 7.55, 0.00, -21.13
2.19, 10.00, 6.89, 0.00, -21.44
2.22, 10.00, 6.22, 0.00, -21.74
2.25, 10.00, 5.54, 0.00, -22.05
2.28, 10.00, 4.85, 0.00, -22.36
2.31, 10.00, 4.15, 0.00, -22.66
2.34, 10.00, 3.44, 0.00, -22.97
2.38, 10.00, 2.72, 0.00, -23.27
2.41, 10.00, 2.00, 0.00, -23.58
2.44, 10.00, 1.26, 0.00, -23.89
2.47, 10.00, 0.51, 0.00, -24.19
2.50, 10.00, -0.24, 0.00, -24.50
2.53, 10.00, -1.01, 0.00, -24.81
2.56, 10.00, -1.78, 0.00, -25.11
2.59, 10.00, -2.57, 0.00, -25.42
2.62, 10.00, -3.36, 0.00, -25.72
2.66, 10.00, -4.17, 0.00, -26.03
2.69, 10.00, -4.98, 0.00, -26.34
2.69, 10.00, -4.99, 18.63, -5.46
2.72, 10.58, -5.16, 18.63, -5.76
2.75, 11.16, -5.34, 18.63, -6.07
2.78, 11.75, -5.53, 18.63, -6.37
2.81, 12.33, -5.73, 18.63, -6.68
2.84, 12.91, -5.94, 18.63, -6.99
2.88, 13.49, -6.16, 18.63, -7.29
2.91, 14.07, -6.39, 18.63, -7.60
2.94, 14.66, -6.62, 18.63, -7.91
2.97, 15.24, -6.87, 18.63, -8.21
3.00, 15.82, -7.13, 18.63, -8.52
3.03, 16.40, -7.39, 18.63, -8.82
3.06, 16.98, -7.67, 18.63, -9.13
3.09, 17.57, -7.95, 18.63, -9.44
3.13, 18.15, -8.25, 18.63, -9.74
3.16, 18.73, -8.55, 18.63, -10.05
3.19, 19.31, -8.87, 18.63, -10.36
3.22, 19.90, -9.19, 18.63, -10.66
3.25, 20.48, -9.52, 18.63, -10.97
3.28, 21.06, -9.87, 18.63, -11.27
3.31, 21.64, -10.22, 18.63, -11.58
3.34, 22.22, -10.58, 18.63, -11.89
3.38, 22.81, -10.95, 18.63, -12.19
3.41, 23.39, -11.33, 18.63, -12.50
3.44, 23.97, -11.72, 18.63, -12.81
3.47, 24.55, -12.12, 18.63, -13.11
3.50, 25.13, -12.53, 18.63, -13.42
3.53, 25.72, -12.95, 18.63, -13.72
3.56, 26.30, -13.38, 18.63, -14.03
3.59, 26.88, -13.82, 18.63, -14.34
3.63, 27.46, -14.27, 18.63, -14.64
3.66, 28.04, -14.73, 18.63, -14.95
3.69, 28.63, -15.19, 18.63, -15.26
3.72, 29.21, -15.67, 18.63, -15.56
3.75, 29.79, -16.16, 18.63, -15.87
3.78, 30.37, -16.65, 18.63, -16.17
3.79, 30.44, -16.71, 24.69, 3.22
3.82, 31.22, -16.61, 24.69, 2.91
3.85, 31.99, -16.52, 24.69, 2.60
3.88, 32.76, -16.44, 24.69, 2.30
3.91, 33.53, -16.37, 24.69, 1.99
3.94, 34.30, -16.31, 24.69, 1.68
3.97, 35.07, -16.25, 24.69, 1.38
4.00, 35.84, -16.21, 24.69, 1.07
4.04, 36.62, -16.18, 24.69, 0.77
4.07, 37.39, -16.15, 24.69, 0.46
4.10, 38.16, -16.14, 24.69, 0.15
4.13, 38.93, -16.14, 24.69, -0.15
4.16, 39.70, -16.14, 24.69, -0.46
4.19, 40.47, -16.15, 24.69, -0.77
4.22, 41.24, -16.18, 24.69, -1.07
4.25, 42.02, -16.21, 24.69, -1.38
4.29, 42.79, -16.25, 24.69, -1.68
4.32, 43.56, -16.31, 24.69, -1.99
4.35, 44.33, -16.37, 24.69, -2.30
4.38, 45.10, -16.44, 24.69, -2.60
4.41, 45.87, -16.52, 24.69, -2.91
4.44, 46.64, -16.61, 24.69, -3.22
4.47, 47.42, -16.71, 24.69, -3.52
4.50, 48.19, -16.82, 24.69, -3.83
4.54, 48.96, -16.94, 24.69, -4.13
4.57, 49.73, -17.07, 24.69, -4.44
4.60, 50.50, -17.21, 24.69, -4.75
4.63, 51.27, -17.36, 24.69, -5.05
